3B 9A 94 00 92 02 75 93 11 00 01 02 02 21
3B 9A 94 00 92 02 75 93 11 00 01 02 02 21
3B 9A 94 00 92 02 75 93 11 00 01 02 02 21
3B 9A 94 00 92 02 75 93 11 00 01 02 02 21
3B 9A 94 00 92 02 75 93 11 00 01 02 02 21
3B 9A 94 00 92 02 75 93 11 00 01 02 02 21
3B 9A 94 00 92 02 75 93 11 00 01 02 02 21
3B 9A 94 00 92 02 75 93 11 00 01 02 02 21
3B 9A 94 00 92 02 75 93 11 00 01 02 02 21
3B 9A 94 00 92 02 75 93 11 00 01 02 02 21
3B 9A 94 00 92 02 75 93 11 00 01 02 02 21
3B 9A 94 00 92 02 75 93 11 00 01 02 02 21
3B 9A 94 00 92 02 75 93 11 00 01 02 02 21
3B 9A 94 00 92 02 75 93 11 00 01 02 02 21
3B 9A 94 00 92 02 75 93 11 00 01 02 02 21
3B 9A 94 00 92 02 75 93 11 00 01 02 02 21
3B 9A 94 00 92 02 75 93 11 00 01 02 02 21
3B 9A 94 00 92 02 75 93 11 00 01 02 02 21
3B 9A 94 00 92 02 75 93 11 00 01 02 02 21
3B 9A 94 00 92 02 75 93 11 00 01 02 02 21
3B 9A 94 00 92 02 75 93 11 00 01 02 02 21
3B 9A 94 00 92 02 75 93 11 00 01 02 02 21
3B 9A 94 00 92 02 75 93 11 00 01 02 02 21
3B 9A 94 00 92 02 75 93 11 00 01 02 02 21
3B 9A 94 00 92 02 75 93 11 00 01 02 02 21
3B 9A 94 00 92 02 75 93 11 00 01 02 02 21
3B 9A 94 00 92 02 75 93 11 00 01 02 02 21
3B 9A 94 00 92 02 75 93 11 00 01 02 02 21
3B 9A 94 00 92 02 75 93 11 00 01 02 02 21
3B 9A 94 00 92 02 75 93 11 00 01 02 02 21
3B 9A 94 00 92 02 75 93 11 00 01 02 02 21
3B 9A 94 00 92 02 75 93 11 00 01 02 02 21
3B 9A 94 00 92 02 75 93 11 00 01 02 02 21
